107878
641451
755221
893870
967697
998209
1003164
1008996
1026569
1026639
2271791
2272128
3165779
3176023
3183035
3184798
3187986
3189805
3190173
3190263
3190537
3197486
3197726
3197996
3199437
3200888
3202872
3205221
3209115
3210418
3211734
3211816
3212787
3212898
3212932
3213817
3215761
3217119
3227813
3229446
3229746
3230046
3230117
3231622
3232811
3232847
3238943
3238955
3240664
3241691
3242963
3243695
3244382
3245773
3253318
3255698
3255732
3256274
3256557
3266804
3273091
3273103
3273721
3276298
3338294
3347968
3359021
3780473
3785002
3804481
3817175
3820664
3907588
3940504
4178885
4181211
4252413
4317253
4406109
4429220
4488340
4575339
4674863
4684729
4719483
4751805
4751982
4752003
4869069
4920804
4940485
4942544
4962664
5031882
5032331
5032763
5032785
5032873
5032879
5033129
5033540
5033667
5038901
5039344
5044580
5062821
5062892
5062916
5144424
5204403
5204656
5204664
5204727
5204831
5207318
5210894
5213580
5216063
5216293
5233003
5248785
5252612
5252695
5254733
5260327
5260352
5260935
5284675
5284817
5289051
5291299
5362373
5363465
5376167
5387188
5407863
5412831
5422893
5423747
5430095
5432315
5440354
5441683
5458387
5470299
5473463
5509740
5518346
5527079
5534749
6378603
7090416
7090417
7237226
7261270
7262521
7271714
7272414
7272415
7295581
8387749
8416487
8450649
8463469
13207969
13287705
13298484
13337000
13522763
13806326
13888275
13904740
